369
100
710.1536682684248 378.96028205952035 -2.3629416259534888 2.5601462660822767 10.0
614.1690463137747 429.0081230587544 0.5258571105436947 -1.0034537483182595 10.0
494.4991949647615 251.29063332916277 1.184812418659054 0.563550800124805 60.0
629.8821494735062 507.40295281543854 -0.18149438272189025 -1.8378163760084283 10.0
693.9778600212636 411.95567677368706 -2.0655483733105497 -1.9982267773492781 10.0
659.4375584030605 422.89798548656364 -1.690399886395745 -1.5176092382686273 40.0
613.4772522674967 479.5963438654707 0.6939547691373062 -1.5174366189208994 10.0
565.352951607349 532.546153911658 0.1628023021878409 -1.1542194666587162 20.0
620.9460186731369 343.40282569559446 0.567669881399506 -0.03802121858078777 10.0
499.3112904591843 294.9606123546802 0.7050718949161241 0.11707531602791017 10.0
566.1717711480532 452.53786108141776 0.3491577021351344 -0.6243137156548081 40.0
495.93697051968314 448.4897611199641 -0.09271529089522607 -0.7360960127719521 30.0
441.3821429807449 397.8912658324137 2.141660422389563 0.4002922107060245 20.0
462.0724459234823 409.4982230379929 1.1271073773599558 0.01460133636032256 40.0
723.6868338745313 293.4070145234201 -1.5573737740901297 0.08891464684062723 20.0
492.02775820492775 503.30085961988607 0.7765885360953309 -1.2149755907869022 10.0
711.2180136175756 283.0636364934815 -0.4438010447436071 1.2549500158431366 20.0
458.8470674423375 412.5384829004746 -1.5682010574865237 -1.0872361574488663 10.0
666.5223972943483 244.13337160076662 -0.53209916547903 0.9074445465398969 10.0
639.3191652702261 370.804874863955 -0.03872716291041853 0.9210807763753674 10.0
635.1532365093962 300.6943521990124 -0.7449067175118181 1.4880661535743276 10.0
542.748249687765 214.99830725895978 1.8014587756139142 -0.5445175096139885 20.0
566.608706646704 207.57080126944194 -0.4576099051605267 1.0215105565610627 140.0
601.87590740987 413.4116820688488 0.03983589012085321 -0.46189689270934026 10.0
537.6489344922435 277.76559580068243 -0.2670054214237972 0.1400455848283143 20.0
527.0899346127096 322.465266772979 0.2309664348422701 -0.005910478816567973 30.0
698.6616679244344 386.320828485934 -1.6236610192678043 1.3746355829098165 50.0
647.7696483190217 411.35830796814986 0.625604312620241 0.5945913433612267 60.0
477.14733869402045 318.35971706499583 1.1736266786541811 0.9899364886018633 10.0
684.894554746355 285.36691493267494 -0.06713027939700664 0.4484997965713278 10.0
543.9356441023435 372.01099052691296 0.12598591265825784 0.922883758457776 20.0
672.936171590272 365.26764358354626 -0.2651830806130817 1.2914695940031264 10.0
472.37691634556717 330.82990321097225 1.1143383092611452 -0.49964020489761274 20.0
498.4227416292051 453.90525736563177 3.241003991239628 -0.5023009218121018 10.0
596.2280284717261 412.02618494651267 1.5333869186768816 1.0633715641597625 10.0
528.5082328025744 470.484406029831 0.34023699848623684 -1.4058861131497022 20.0
699.1999453358512 391.7552101527253 -0.3970993854650917 -2.2788457108350304 30.0
624.8445375123448 317.5059495698562 0.015630172221834947 0.5252105767862432 30.0
729.1718286936882 364.9610382202742 -2.3982443365346713 0.6807908071485587 10.0
544.9684159153315 383.5755214501916 0.5905840321887785 -1.0664614549709392 20.0
644.5519511260009 461.63728842601404 -0.38704153438204136 -1.4935338576711106 60.0
