177
100
733.4987870834614 334.05451836352665 -0.7630700695691962 0.5360755194214581 10.0
705.37412293932 415.7687406657733 -0.03852598456251517 0.03863306322644506 20.0
700.138130564193 317.90142062304574 -0.2972351615744741 0.17866620497833144 20.0
535.4610905995859 501.28672436637606 0.20634306780016143 -0.8416622823783036 10.0
443.44269445880144 441.1834010751261 0.29271043168835514 -0.7257950829722161 20.0
495.97720568743006 373.50428915501624 0.42903278956914365 -0.6792051436848431 10.0
520.3498309502656 209.38954428118407 0.15723472546209805 1.2302895547692325 10.0
757.1519187596919 279.0157974246769 -0.2626193542616266 0.959815966791494 10.0
468.56005002799304 514.9410191474733 0.1751820153593801 -0.5990934689021363 10.0
512.4271584251584 235.61851396468862 0.9464199588526725 0.7052536864754553 10.0
759.3012420457997 288.79970507892153 -0.6599959004670861 -0.36579893554405574 10.0
679.0730754178143 245.80875222968038 -0.9767297953736281 -0.5565393867726183 10.0
479.52244533591096 211.97512785444468 0.5026962785819352 0.8883035630287375 10.0
722.7485619888108 447.5583642128587 0.37482446625574545 -0.8751530655659352 20.0
607.748800981285 203.75510570313676 0.18110040348360443 0.5651863547473127 10.0
698.8854954060829 221.82033128084635 -0.6573606638316153 0.4578079657765886 10.0
495.7885576662366 318.5811661130332 -0.43800645354308115 0.5813734994045486 10.0
492.14438837096765 329.9162464756861 0.44738828808052616 -0.6162923103687398 20.0
735.6537066220402 428.56453152610607 -0.8306804938866678 -0.043911967136019206 20.0
602.499041232819 466.701077111167 -0.06337219412780046 -0.3223888544409053 10.0
672.1392205688097 237.97862418150882 -0.27994060927335274 -0.17574537063944615 10.0
393.3709334962538 388.0806008870602 0.6155658873958475 0.28296978496802605 10.0
397.8596532752867 417.27040700928006 0.9167903578818153 -0.23379236367625772 10.0
685.881641652991 425.1918106771543 0.6895282928689944 -0.2866372654943708 10.0
613.2179244493672 431.9012960658588 -0.3235370525628056 -0.2107507921556889 10.0
528.3237730743082 234.16211097964947 0.15014939377942874 1.4718647727730811 10.0
703.2395534723549 443.45185812395613 0.7596728561183262 -0.7490262874933752 10.0
586.6013364908201 358.4425468888937 -0.9405078356537179 -0.9142021933891575 10.0
444.72960018643414 469.1498144678194 2.452309104003265 0.4053864106656402 10.0
647.4455702292989 345.45674926505507 -0.17172879594697477 0.04937685203496762 10.0
533.1319107308591 395.2380609795421 0.10305100720628663 -0.34159087550175066 10.0
717.3639610303502 364.2144894630211 0.38835474147149396 1.4442221313487993 20.0
637.7242377924125 537.7469583054299 -0.5915506923555046 -0.23774363519824862 10.0
544.0552566387472 241.20208936335595 -0.9155277205156764 0.8203486786183496 20.0
446.56671754932876 472.4319068314146 -0.7061591542073582 -1.320233252668557 20.0
416.67648114441363 293.31405655228 0.591555601145865 0.17766151202172129 20.0
585.7006442746876 263.1567988119721 0.1422429166101962 1.0902532957920166 10.0
572.7854467861177 509.82240201680287 0.01600182291092374 0.10673705579585471 10.0
633.0734554058187 205.1731361779458 0.009899201822982684 0.44980765226132385 10.0
580.2461583711566 543.3092024046747 0.0368181442120653 -0.9615090654061347 20.0
710.6363399876208 367.2036858417627 1.3504271535688959 -0.8823310359108345 10.0
605.938571474561 350.01707032330427 -0.8110510897595595 0.017152340029709365 10.0
520.3096054919388 281.9422566324583 0.3495344904119625 -0.15689736760939912 10.0
637.7795784085499 468.58955552793054 -0.23556915301990577 -0.3768092984125024 10.0
668.670639208561 189.42420504608432 -0.5954702088839835 1.0371017048833069 10.0
458.60533785254717 328.3667911476156 0.9037994800427827 -0.181036873069961 10.0
760.7873629114362 387.43796595429046 -2.2881341865184988 1.129236237578022 10.0
687.1283957982 303.2245142329842 0.21849745423844114 0.7205910409571168 10.0
593.8047129123474 421.5346871868509 0.1495080603217472 -0.08861031928674928 10.0
478.24728640081 293.0697442294712 0.6727554416149523 0.8130638849990215 20.0
578.4178709379491 527.544199586148 -0.15853798999479815 -0.010092718964197618 10.0
660.6168816086429 199.5275853324148 0.05162350378799508 0.29491718967802594 10.0
569.9885551991058 355.2958109737385 0.530816697078611 -1.5043179005096041 20.0
756.1585867570456 390.3154117603184 -0.17122700474723726 -0.6471522627413407 20.0
554.4630829485465 311.1626124880642 0.5933167033833853 0.3231483331368434 20.0
500.46983417487814 358.372383700498 -0.008530470086159212 -0.1500382563087063 10.0
482.1047972277846 305.2757129457533 0.7354238398162153 -0.43191021679151964 10.0
476.98771742054834 240.47609884569374 0.6951065183753565 0.3107061468722362 20.0
687.7780518908153 378.8855638269806 0.5802069926383634 -0.14501200625229918 10.0
569.2863592049049 338.7787755545608 0.17253861483998426 1.1730988708576695 30.0
529.0153346550194 254.01222193718817 0.2853774922691601 -0.07282484623696364 30.0
728.192950384545 449.44130895249134 -2.2965491545601933 -1.2241428325196082 10.0
595.187103243951 273.5533091489408 -0.8381021529832416 0.21833768948917529 20.0
532.2928044784335 472.42770778233194 -1.0715525761500917 -1.4540083553263774 10.0
420.165176364434 413.2986643002161 0.694830538139626 0.2777386990555687 10.0
445.86033518917316 423.04850749759225 0.08824600748221366 0.5513789878098304 30.0
526.9488432052145 470.5302894650058 1.128248153707329 -0.057345780777065716 20.0
520.1353364370161 451.62229549335603 0.3549324241377666 0.5598171855924291 10.0
620.7444364609951 544.2854824962143 -0.03538208463616104 -0.5695151404498209 10.0
574.5786060328693 296.7734202128178 -0.3718134099048113 0.29037544881771904 20.0
542.6654237035723 468.7630696920673 -1.078626688549057 0.2930738695908041 10.0
667.4692933780032 232.75098417845206 0.6300045604620782 1.056620399343033 10.0
567.3608129610839 341.58547760552864 -1.2524496451054516 -2.344575261040263 10.0
723.0932855504761 367.2434191094413 -1.7102437685029244 -0.6366987412385048 20.0
